10
8
15
12
11
10
8
15
12
11
10
8
15
12
11
10
8
15
12
11
10
8
15
12
11
10
8
15
12
11
10
8
15
12
11
10
8
15
12
11
10
8
15
12
11
10
8
15
12
11
10
8
15
12
11
10
8
15
12
11
10
8
15
12
11
10
8
15
12
11
10
8
15
12
11
10
8
15
12
11
10
8
15
12
11
10
8
15
12
11
10
8
15
12
11
10
8
15
12
11
10
8
15
12
11
10
8
15
12
11
10
8
15
12
11
10
8
15
4
12
11
10
8
15
12
11
10
8
15
12
11
10
8
15
12
11
10
8
15
12
11
10
8
15
12
11
10
8
14
20
7
15
12
11
10
8
15
12
11
10
8
15
12
11
10
8
15
12
11
10
8
15
12
11
10
8
15
12
11
10
8
15
12
11
10
8
15
12
11
10
8
15
12
11
10
8
15
12
11
10
8
15
12
11
10
8
15
12
11
10
8
15
12
11
10
8
15
12
11
10
8
15
12
11
10
8
15
12
11
10
8
15
12
11
10
8
15
12
11
10
8
15
12
11
10
8
15
12
11
10
8
15
12
11
10
8
15
12
11
10
8
15
12
11
10
8
15
12
11
10
8
15
12
11
10
8
15
12
11
10
8
15
12
11
10
8
15
12
11
10
8
15
12
11
10
8
15
12
11
10
8
15
12
11
10
8
15
12
11
10
8
15
12
11
10
8
15
12
11
10
8
15
12
11
10
8
15
12
11
10
8